222222222222222222222222222222
230000000000000000000000000002
200000000000000000000000000002
200000000000000000000000000002
200000000000000000000000000002
200000000000000000000000000002
200000000000000000000000000002
200000000000000000000000000002
200000000000000000000000000002
200000000000000000000000000002
200000000000000000000000000002
200000000000000000000000000002
222222222222222000000000000002
200000000000000000000000000002
200000000000000000000000000002
200000000000000000000000000002
200000000000000000000000000002
200000000000000000000000000002
200000000000000000000000000002
200000000000000000000000000002
200000000000000000000000000002
200000000000000000000000000002
200000000000000000000000000002
222222222222222222222222222222